262144	0.999998999999
278528	0.999996999997
294912	0.999966999967
311296	0.9996249996249996
327680	0.9982549982549983
344064	0.9945479945479946
360448	0.9878419878419878
376832	0.9776989776989777
393216	0.9652989652989653
409600	0.9514719514719515
425984	0.9367939367939367
442368	0.9219069219069219
458752	0.9068129068129068
475136	0.8914718914718914
491520	0.876027876027876
507904	0.8603308603308604
524288	0.8293888293888294
557056	0.7980757980757981
589824	0.7666107666107667
622592	0.7355807355807356
655360	0.7047277047277047
688128	0.6736016736016736
720896	0.6423586423586424
753664	0.6107686107686108
786432	0.5793875793875793
819200	0.547993547993548
851968	0.5167125167125167
884736	0.48559148559148557
917504	0.4541874541874542
950272	0.42314842314842316
983040	0.39244839244839247
1015808	0.3612813612813613
1048576	0.2982992982992983
1114112	0.23560723560723562
1179648	0.172989172989173
1245184	0.11075111075111076
1310720	0.04921704921704922
1376256	0.008649008649008649
1441792	0.001358001358001358
1507328	0.00007000007000007
1572864	0.000028000028000028
1638400	0.000013000013000013
1703936	0.00001000001000001
1769472	0.000009000009000009
1835008	0.000007000007000007
1900544	0.000005000005000005
1966080	0.000003000003000003
2031616	0.000002000002000002
2097152	0.000001000001000001
2228224	0.000001000001000001
