1245184	0.9999739999739999
1310720	0.9997809997809998
1376256	0.9991329991329991
1441792	0.9976169976169976
1507328	0.9944709944709945
1572864	0.9888979888979889
1638400	0.9797709797709798
1703936	0.9647499647499648
1769472	0.9404649404649404
1835008	0.9063499063499063
1900544	0.865018865018865
1966080	0.818988818988819
2031616	0.7707387707387707
2097152	0.6732196732196732
2228224	0.5718855718855719
2359296	0.4691074691074691
2490368	0.36826336826336825
2621440	0.27447427447427447
2752512	0.20524120524120523
2883584	0.1718001718001718
3014656	0.15512215512215513
3145728	0.14316614316614318
3276800	0.13358213358213358
3407872	0.12615212615212615
3538944	0.12129412129412129
3670016	0.1179011179011179
3801088	0.11525211525211525
3932160	0.11297611297611297
4063232	0.11102511102511102
4194304	0.10781210781210782
4456448	0.10525710525710526
4718592	0.10313610313610314
4980736	0.10112310112310112
5242880	0.09896109896109896
5505024	0.09651809651809652
5767168	0.09385909385909386
6029312	0.09103309103309103
6291456	0.08813908813908813
6553600	0.08521608521608522
6815744	0.08224708224708224
7077888	0.07911907911907912
7340032	0.07598407598407599
7602176	0.07287507287507287
7864320	0.06983706983706983
8126464	0.06684506684506684
8388608	0.06075106075106075
8912896	0.054612054612054615
9437184	0.04871604871604872
9961472	0.043066043066043065
10485760	0.037671037671037674
11010048	0.03253003253003253
11534336	0.02787902787902788
12058624	0.023587023587023588
12582912	0.01957101957101957
13107200	0.01596101596101596
13631488	0.012717012717012716
14155776	0.010106010106010106
14680064	0.008297008297008296
15204352	0.007116007116007116
15728640	0.006347006347006347
16252928	0.005863005863005863
16777216	0.005325005325005325
17825792	0.005004005004005004
18874368	0.004716004716004716
19922944	0.004438004438004438
20971520	0.004223004223004223
22020096	0.004056004056004056
23068672	0.003901003901003901
24117248	0.003741003741003741
25165824	0.003576003576003576
26214400	0.003408003408003408
27262976	0.003255003255003255
28311552	0.003075003075003075
29360128	0.002895002895002895
30408704	0.002708002708002708
31457280	0.002528002528002528
32505856	0.002358002358002358
33554432	0.001984001984001984
35651584	0.001664001664001664
37748736	0.001456001456001456
39845888	0.001298001298001298
41943040	0.001155001155001155
44040192	0.001009001009001009
46137344	0.000884000884000884
48234496	0.00074000074000074
50331648	0.000592000592000592
52428800	0.000438000438000438
54525952	0.000321000321000321
56623104	0.000249000249000249
58720256	0.000198000198000198
60817408	0.000158000158000158
62914560	0.000119000119000119
65011712	0.000085000085000085
67108864	0.000047000047000047
71303168	0.000014000014000014
75497472	0.000001000001000001
