22020096	0.999995999996
23068672	0.999968999969
24117248	0.9998859998859999
25165824	0.9996239996239996
26214400	0.9991739991739992
27262976	0.9986779986779987
28311552	0.9982199982199982
29360128	0.9978559978559979
30408704	0.9976199976199976
31457280	0.9974349974349974
32505856	0.9972499972499973
33554432	0.9967989967989968
35651584	0.9961429961429962
37748736	0.9951819951819951
39845888	0.9937479937479937
41943040	0.9918699918699919
44040192	0.9894739894739895
46137344	0.9866909866909866
48234496	0.9834929834929835
50331648	0.9795599795599795
52428800	0.9740169740169741
54525952	0.9631579631579632
56623104	0.9369389369389369
58720256	0.8825078825078825
60817408	0.7920127920127921
62914560	0.670985670985671
65011712	0.537029537029537
67108864	0.298971298971299
71303168	0.14965114965114965
75497472	0.07518407518407519
79691776	0.03851903851903852
83886080	0.019108019108019108
88080384	0.0098000098000098
92274688	0.005645005645005645
96468992	0.003673003673003673
100663296	0.002509002509002509
104857600	0.001725001725001725
109051904	0.001214001214001214
113246208	0.00083000083000083
117440512	0.000556000556000556
121634816	0.000383000383000383
125829120	0.000259000259000259
130023424	0.000175000175000175
134217728	0.00007000007000007
142606336	0.000007000007000007
