524288	0.999993999994
557056	0.9998559998559998
589824	0.9987369987369987
622592	0.9943109943109943
655360	0.9831439831439831
688128	0.9643559643559644
720896	0.9401839401839401
753664	0.9134579134579135
786432	0.8862898862898863
819200	0.8595298595298595
851968	0.8322178322178322
884736	0.8045408045408046
917504	0.7766477766477766
950272	0.7486757486757487
983040	0.7201687201687201
1015808	0.6912166912166913
1048576	0.6318186318186318
1114112	0.5738255738255739
1179648	0.5156895156895157
1245184	0.4570944570944571
1310720	0.39667039667039666
1376256	0.3348233348233348
1441792	0.275005275005275
1507328	0.214989214989215
1572864	0.15562615562615562
1638400	0.10073310073310074
1703936	0.06945306945306945
1769472	0.05788905788905789
1835008	0.05102905102905103
1900544	0.04536804536804537
1966080	0.04053804053804054
2031616	0.036456036456036456
2097152	0.02921802921802922
2228224	0.023857023857023856
2359296	0.020217020217020217
2490368	0.017128017128017127
2621440	0.014304014304014304
2752512	0.011791011791011791
2883584	0.009808009808009808
3014656	0.008499008499008498
3145728	0.007752007752007752
3276800	0.007207007207007207
3407872	0.006854006854006854
3538944	0.006586006586006586
3670016	0.006369006369006369
3801088	0.006154006154006154
3932160	0.005981005981005981
4063232	0.005828005828005828
4194304	0.005579005579005579
4456448	0.005387005387005387
4718592	0.005218005218005218
4980736	0.005079005079005079
5242880	0.004944004944004944
5505024	0.004806004806004806
5767168	0.004665004665004665
6029312	0.004519004519004519
6291456	0.004377004377004377
6553600	0.004244004244004244
6815744	0.004133004133004133
7077888	0.00404000404000404
7340032	0.003957003957003957
7602176	0.003885003885003885
7864320	0.003819003819003819
8126464	0.003757003757003757
8388608	0.003613003613003613
8912896	0.003462003462003462
9437184	0.003315003315003315
9961472	0.003198003198003198
10485760	0.003094003094003094
11010048	0.002999002999002999
11534336	0.002909002909002909
12058624	0.002831002831002831
12582912	0.00275000275000275
13107200	0.002676002676002676
13631488	0.002605002605002605
14155776	0.002528002528002528
14680064	0.002453002453002453
15204352	0.002382002382002382
15728640	0.002307002307002307
16252928	0.002235002235002235
16777216	0.002083002083002083
17825792	0.001923001923001923
18874368	0.001739001739001739
19922944	0.001552001552001552
20971520	0.001378001378001378
22020096	0.001231001231001231
23068672	0.001112001112001112
24117248	0.001009001009001009
25165824	0.00093000093000093
26214400	0.000862000862000862
27262976	0.000804000804000804
28311552	0.000753000753000753
29360128	0.000698000698000698
30408704	0.000645000645000645
31457280	0.000593000593000593
32505856	0.000542000542000542
33554432	0.00043700043700043703
35651584	0.000332000332000332
37748736	0.000229000229000229
39845888	0.000145000145000145
41943040	0.000091000091000091
44040192	0.000065000065000065
46137344	0.000055000055000055
48234496	0.000048000048000048
50331648	0.000042000042000042
52428800	0.000035000035000035
54525952	0.000029000029000029
56623104	0.000022000022000022
58720256	0.000015000015000015
60817408	0.000009000009000009
62914560	0.000002000002000002
