loaded 4847572 nodes, 42851237 edges
280040
267857
181435
228756
349708
346844
261716
311055
505345
489545
409870
199194
186196
321074
236146
1399452
263829
387433
436409
255160
281007
368720
265832
8894696
261655
249010
293260
711354
876691
855353
740186
859628
482278
444410
491927
393191
287525
370968
324562
335236
332600
246052
323894
257473
349447
274923
385553
332550
346551
257583
295125
282569
390845
256899
213007
298275
275556
288620
388003
210364
242535
804670
813140
984472
566877
728090
786765
886802
818290
634232
881221
883528
625609
718640
590374
644493
747992
694566
987546
537988
374549
1453342
5523207
3290847
511087
381221
472380
333000
434804
357928
313124
425518
375909
322138
438029
495093
628826
348425
219145
157786
183466
1464335
382981
273590
392371
403962
396806
810786
337509
291884
360083
269660
287155
322883
340055
294964
362371
306796
331278
230905
255813
299477
320783
354988
303375
349064
538168
374132
346963
455542
627412
275909
356659
284544
277960
457143
549925
459486
361530
282371
250682
272866
319264
249815
224445
243845
339459
267975
235949
307219
237189
417000
309213
296976
261807
253381
272005
263636
323860
246916
268443
401979
329504
355829
263142
297875
261197
264171
339420
248000
245839
323121
228240
362389
239488
250400
218127
237180
264211
241659
238509
406633
232525
267287
278178
221833
305158
285738
296854
262943
235451
248333
247582
226931
261870
312003
652168
295612
1376754
2927376
1672660
950705
4145796
4319088
198741
272142
245315
385245
300660
252188
257437
229064
357304
196007
196216
188274
262920
210935
241558
673185
344388
206956
365198
259000
668685
397404
939006
606450
329861
344107
244651
295768
225412
226765
241553
223536
412654
266798
359463
382370
299098
249043
282327
274756
275373
203414
278200
262149
145419
161708
218805
136710
181573
321767
3329874
5237457
812137
265829
796805
214938
524189
376519
562336
291374
699594
1173849
266908
213308
288335
191378
197198
195679
182084
202654
180217
183974
181156
182409
291800
233662
299399
253344
251463
213527
244933
198099
211149
194542
309915
234170
256446
289246
238592
195411
172730
168113
755950
466927
1389382
228666
409030
179110
257265
184540
198755
172492
546598
1085053
111324
123343
123305
114524
127195
182121
6831304
3681152
276799
225179
767439
177915
235889
2367637
164300
218065
190916
340080
237856
150560
219658
142892
1202614
243277
157273
146937
301542
291253
266982
1278624
196684
162715
873113
2475052
623091
673128
1803855
3539223
1700658
1276035
326251
206321
419250
324907
224206
391976
1853223
1710928
1011319
222130
1573299
3702091
4161345
15390264
6703889
3632170
8392096
2553130
5610365
580295
654278
335970
349575
158237
296295
766623
791539
363102
144006
105945
266020
666851
491379
235648
1054071
1069758
325347
202199
888063
1069429
207136
635986
445701
531374
237050
170742
416312
1635232
432310
546540
1270406
1355717
756093
1260449
274343
441043
343189
331082
409617
432394
1713980
1478071
470671
282869
1199720
2268631
490109
506337
541924
1564559
311692
479594
584432
2013071
588933
647626
715109
1251040
529156
357879
157361
